失态生态实验体
1=G 1/4
曲 PEPOYO（P）
谱：二胡侠
//3333 21656 3333 2153 3333 21656 6123 2153
//3333 21656 3333 2153 3333 21656 6123 216
//665 665 6516 5 66 6532 353 0  665 665 6516 1 221 2321 616
//665 665 6516 5 666 6532 3353 0 665 665 6516 1 221 2321 616
//221 366 556 176 221 3666 5617 656 221 3666 2317 656
//6123 2123 44443
//35 665 665 65 655 66 5321 123 ++here!(R)++6#5 655 6655 61 71 71 7523
665 6665 6655 65 6666 5321 123 66 555 4375 665 665 616
3333 21656 3333 2153 3333 21656 6123 2153
3333 21656 3333 2153 3333 21656 6123 216
665 665 6516 5 66 6532 353 665 665 6516 1 221 1321 616
665 665 6516 5 666 6532 3353 665 665 6516 1 221 2321 616
221 366 556 176 221 3666 5617 656 221 3666 2317 656
6123 2123 44443
35 665 665 65 65 666 5321 123 6#5 665 6655 661 71 71 7523
665 6665 6655 66 5321 123
666 555 4375 665 6665 6616
631 731 131 b531 671 531 431 123 631 731 131 231 671 2343
66 3123 2321 656 1121 23 5321 3217 666 71 71753 563 2361 25
35 665 665 6655 65 66 5321 1123 665 655 6655 61 7171 7523
665 665 6655 65 6666 5321 123 
666 555 4375 665 6665 66123  
1=bA
665 665 65 655 6666 5321 123
665 6665 665 61 7171 7523
6665 6665 6655 65 66 5321 123
666 555 4375 6665 6665 6616 56665 6665 6616
3333 21656 3333 2153 3333 21656 6123 2153
3333 21656 3333 2153 3333 21656 6123 216
EOL


 



